                                       1111111111111111                                             
                                    1111111111111111111111                                          
                                  111111111111111111111111111                                       
                                1111111111111111111111111111111                                     
                              1111111111111111111111111111111111                                    
                             111111111111111111111111111111111111                                   
                            1111111111111            1111111111111                                  
                           111111111111                 11111111111                                 
                          -1111111111                    11111111111                                
                          1111111111                       1111111111                               
                         1111111111                        1111111111                               
                         111111111                          111111111                               
                                                             111111111                              
                                                             111111111                              
                                                             111111111                              
                                                             111111111                              
                                                             111111111                              
                                                            1111111111                              
                         1111111111                         111111111                               
                         11111111111                       1111111111                               
                         111111111111                     1111111111                                
                         1111111111111                  11111111111-                                
                         111111111111111              1111111111111                                 
                         1111111111111111111       111111111111111                                  
                         111111111111111111111111111111111111111-                                   
                         11111111111111111111111111111111111111                                     
                         111111111111111111111111111111111111                                       
                         11111111  111111111111111111111111                                         
                          1111111     111111111111111111                                            
                           111111          111111111                                                
                            11111                                                                   
                                                                                                    
                                                                                                    
                                                                                                    
                                                                                                    
                                                                                                 00 
0000000     0000000      n0         00    00    00000000     0000000      0000000      0n    00   0 
0    00     00    00     n0          00  00        00        00          00    00      0n    00     
0    00     00    00     n0           0000         00        0000000     00            00000000     
000000      00    00     n0            00          00        00          00            0n    00     
0           00    00     n0            00          00        00          00     0      0n    00     
0            000000      n000000       00          00        0000000      0000000      0n    00     
                                                                                                    
                                                                                                    
                                                                                                    
